N:         IC         SC         QC         HC         IS         SS         QS         HS         IT         ST         QT         HT        
100        2585       4950       748        1846       2585       99         399        584        0          1          0          0         
200        9928       19900      1503       4417       9928       199        909        1357       1          0          1          1         
300        23420      44850      2774       7199       23420      299        1696       2179       3          2          1          0         
400        38637      79800      3533       10622      38637      399        2021       3140       6          0          0          1         
500        61694      124750     4654       13603      61694      499        2733       4003       0          1          0          0         
600        90388      179700     6061       17055      90388      599        3434       5013       1          0          0          0         
700        117578     244650     7455       20587      117578     699        3783       6043       0          1          0          0         
800        164110     319600     8475       24117      164110     799        4673       7037       1          0          0          0         
900        202587     404550     9511       27714      202587     899        5946       8032       0          1          4          0         
1000       250163     499500     10182      31314      250163     999        5791       9048       0          1          0          0         
1100       302408     604450     11920      35351      302408     1099       5859       10175      0          0          1          0         
1200       373437     719400     13198      38732      373437     1199       7852       11194      0          1          0          0         
1300       424943     844350     13425      42740      424943     1299       8017       12322      0          1          0          0         
1400       493057     979300     16095      46762      493057     1399       7998       13462      1          1          0          0         
1500       556548     1124250    17399      50737      556548     1499       10080      14553      0          1          0          0         
1600       655627     1279200    20676      54824      655627     1599       10871      15688      1          1          0          0         
1700       741891     1444150    19703      58438      741891     1699       11052      16724      1          1          0          0         
1800       796848     1619100    19611      62643      796848     1799       11099      17859      1          1          0          1         
1900       899387     1804050    22274      66990      899387     1899       12541      19074      2          1          0          1         
2000       1005483    1999000    23060      70842      1005483    1999       13549      20160      2          2          0          0         
2100       1093967    2203950    28669      75090      1093967    2099       17031      21322      1          2          0          0         
2200       1207702    2418900    28965      79409      1207702    2199       15696      22539      2          1          0          0         
2300       1340053    2643850    29571      83256      1340053    2299       14610      23656      1          1          0          1         
2400       1428721    2878800    29322      87664      1428721    2399       15254      24930      2          1          0          1         
2500       1522214    3123750    32560      92081      1522214    2499       19269      26097      2          2          0          0         
2600       1664468    3378700    33285      95967      1664468    2599       19269      27249      1          1          1          0         
2700       1794817    3643650    35077      100254     1794817    2699       20978      28428      2          2          0          0         
2800       1964442    3918600    35403      104305     1964442    2799       19530      29605      2          2          0          0         
2900       2115188    4203550    36518      109179     2115188    2899       20405      30939      4          3          0          0         
3000       2300703    4498500    39278      113204     2300703    2999       20666      32046      3          3          0          1         
3100       2401086    4803450    41755      117943     2401086    3099       22484      33319      5          2          0          1         
3200       2558179    5118400    43264      122272     2558179    3199       24210      34554      2          4          0          0         
3300       2681955    5443350    43531      126688     2681955    3299       25970      35738      3          3          0          1         
3400       2945438    5778300    45506      130625     2945438    3399       26531      36901      3          2          1          1         
3500       2986106    6123250    47256      135627     2986106    3499       26600      38255      3          3          0          0         
3600       3236675    6478200    54352      139626     3236675    3599       28590      39362      3          2          1          1         
3700       3422879    6843150    49268      143950     3422879    3699       27804      40614      3          3          1          0         
3800       3585838    7218100    51701      148631     3585838    3799       27404      41847      3          4          0          0         
3900       3872934    7603050    51830      153069     3872934    3899       28633      43063      4          3          0          1         
4000       4027506    7998000    57526      157947     4027506    3999       34665      44313      5          4          0          0         
4100       4185481    8402950    55298      162586     4185481    4099       29489      45556      5          4          0          0         
4200       4381337    8817900    58540      166884     4381337    4199       32703      46868      5          4          0          0         
4300       4629077    9242850    56691      171290     4629077    4299       32320      48100      5          4          0          0         
4400       4821445    9677800    61515      175842     4821445    4399       32286      49348      5          4          0          0         
4500       5069878    10122750   60271      180291     5069878    4499       31590      50619      5          4          0          0         
4600       5220910    10577700   61558      185213     5220910    4599       32453      51987      5          5          0          0         
4700       5594707    11042650   73942      189550     5594707    4699       44745      53212      5          5          1          0         
4800       5705496    11517600   66769      193977     5705496    4799       38829      54503      5          4          1          1         
4900       5967396    12002550   65766      198891     5967396    4899       37701      55787      5          5          0          0         
5000       6296730    12497500   71417      203279     6296730    4999       40332      57079      6          5          0          0         
5100       6567353    13002450   71906      208188     6567353    5099       39266      58370      6          5          0          1         
5200       6774224    13517400   70532      213005     6774224    5199       39518      59735      6          6          0          0         
5300       7075213    14042350   76393      217238     7075213    5299       41655      60992      7          7          0          1         
5400       7270641    14577300   76842      222562     7270641    5399       44797      62336      9          6          1          1         
5500       7591542    15122250   79933      226753     7591542    5499       43110      63559      7          6          1          1         
5600       7839968    15677200   77658      231725     7839968    5599       43218      64951      7          7          0          0         
5700       8067886    16242150   76545      236417     8067886    5699       39768      66219      8          8          0          0         
5800       8379000    16817100   84793      241219     8379000    5799       40643      67573      9          7          0          1         
5900       8741876    17402050   83172      245853     8741876    5899       41125      68889      9          7          0          1         
6000       9053813    17997000   87621      250098     9053813    5999       48558      70052      9          8          0          0         
6100       9317092    18601950   82444      255397     9317092    6099       44143      71439      8          8          0          1         
6200       9655079    19216900   86173      260060     9655079    6199       44503      72762      10         8          0          1         
6300       9710768    19841850   97100      265203     9710768    6299       44316      74187      9          9          0          0         
6400       10273575   20476800   89486      269616     10273575   6399       50892      75356      11         9          0          1         
6500       10657162   21121750   104715     274393     10657162   6499       45393      76697      10         10         0          0         
6600       10948664   21776700   91077      278923     10948664   6599       51999      78027      10         9          0          1         
6700       11215438   22441650   96853      283875     11215438   6699       49785      79297      12         10         0          0         
6800       11596014   23116600   98868      288883     11596014   6799       50388      80721      11         10         1          1         
6900       11867077   23801550   107921     294028     11867077   6899       60073      82126      11         10         1          0         
7000       12309073   24496500   111262     298526     12309073   6999       57465      83362      12         11         1          1         
7100       12760254   25201450   107310     303491     12760254   7099       61852      84679      14         11         1          0         
7200       12854111   25916400   105683     307904     12854111   7199       54539      85916      12         10         1          1         
7300       13515229   26641350   118046     312300     13515229   7299       60588      87170      12         12         1          1         
7400       13629356   27376300   111691     318113     13629356   7399       59453      88625      13         12         1          1         
7500       13919392   28121250   121587     322987     13919392   7499       62597      90039      13         12         1          1         
7600       14390782   28876200   110873     327821     14390782   7599       55376      91307      15         11         1          1         
7700       14636361   29641150   113090     332756     14636361   7699       56180      92690      14         12         1          0         
7800       14935015   30416100   114503     337550     14935015   7799       61506      93944      15         12         1          1         
7900       15561491   31201050   117925     342312     15561491   7899       71795      95236      15         13         1          1         
8000       15857807   31996000   119816     347608     15857807   7999       59210      96682      17         13         1          1         
8100       16474343   32800950   126475     352784     16474343   8099       72437      97998      16         13         0          1         
8200       16678212   33615900   120245     357683     16678212   8199       65009      99303      16         14         0          1         
8300       17215604   34440850   136137     362281     17215604   8299       70304      100653     17         13         1          1         
8400       17629729   35275800   124452     367134     17629729   8399       69269      102046     17         14         0          1         
8500       18063957   36120750   141126     372306     18063957   8499       67632      103454     17         15         0          1         
8600       18726378   36975700   134101     376859     18726378   8599       76673      104769     17         15         1          1         
8700       18944684   37840650   123926     381617     18944684   8699       68167      106129     17         16         1          1         
8800       19284902   38715600   128030     387395     19284902   8799       68298      107653     20         17         0          1         
8900       19992853   39600550   130364     391328     19992853   8899       68080      108880     19         17         1          1         
9000       20569009   40495500   141697     396828     20569009   8999       77467      110342     20         17         0          1         
9100       20547129   41400450   146518     401694     20547129   9099       74839      111662     20         17         1          1         
9200       21434339   42315400   139848     406388     21434339   9199       81555      112954     21         18         1          1         
9300       21627153   43240350   140337     411844     21627153   9299       72157      114470     21         17         1          1         
9400       21896247   44175300   150016     416700     21896247   9399       89482      115872     20         18         1          1         
9500       22531356   45120250   153429     421579     22531356   9499       88234      117227     21         18         1          1         
9600       22889969   46075200   142742     426604     22889969   9599       74629      118614     22         19         1          1         
9700       23670960   47040150   146299     432155     23670960   9699       78519      120043     22         19         1          0         
9800       24039999   48015100   151382     437328     24039999   9799       73488      121496     22         20         1          1         
9900       24605565   49000050   153960     441888     24605565   9899       78917      122782     23         20         1          1         
10000      24973722   49995000   155188     446809     24973722   9999       86456      124179     24         21         1          0         
